2 0.10590703040361404 0.2841610908508301 0.2118140608072281 0.15610000491142273
2 0.3186715543270111 0.1983632892370224 0.06069669499993324 0.0865323394536972
2 0.5941784977912903 0.2850552201271057 0.3468385338783264 0.3430784046649933
2 0.5937374830245972 0.28543519973754883 0.3483060598373413 0.34296295046806335
2 0.05627977102994919 0.2408871054649353 0.11238986253738403 0.17247793078422546
2 0.24846936762332916 0.17493224143981934 0.02915409952402115 0.04694939777255058
2 0.32803288102149963 0.2417236715555191 0.0507659949362278 0.05628586187958717
2 0.30184808373451233 0.16780772805213928 0.021916866302490234 0.03557782992720604
2 0.1236201748251915 0.17646068334579468 0.022394327446818352 0.04308003932237625
2 0.27481406927108765 0.15625475347042084 0.04431876912713051 0.022620422765612602
