2 0.530868411064148 0.3919360935688019 0.3040546774864197 0.2847038209438324
2 0.2672657370567322 0.3148157298564911 0.06779832392930984 0.0645158663392067
2 0.9794148802757263 0.35582125186920166 0.040607087314128876 0.12332421541213989
2 0.9736922979354858 0.4820648431777954 0.05212923511862755 0.1553313285112381
2 0.09098175168037415 0.5189478993415833 0.18179434537887573 0.18990381062030792
2 0.15795591473579407 0.3152845799922943 0.03969216346740723 0.05132580175995827
2 0.10055585205554962 0.39423301815986633 0.17576180398464203 0.08483953028917313
2 0.8326337933540344 0.34416744112968445 0.036785125732421875 0.10902751982212067
2 0.3524339497089386 0.31450438499450684 0.019043225795030594 0.04595329239964485
2 0.09490811824798584 0.37959206104278564 0.1884503960609436 0.10899272561073303
2 0.9251636266708374 0.2905209958553314 0.14851431548595428 0.0485871396958828
2 0.7752931118011475 0.35197654366493225 0.07001935690641403 0.04865312576293945
2 0.16589772701263428 0.3256504237651825 0.06051656976342201 0.07441800087690353
