2 0.05093102529644966 0.5695610642433167 0.10182695835828781 0.47155630588531494
2 0.16151024401187897 0.5065311193466187 0.09859102219343185 0.4046114385128021
2 0.8243109583854675 0.5678039789199829 0.18885137140750885 0.42706161737442017
2 0.38884028792381287 0.4816003143787384 0.13413755595684052 0.26883646845817566
2 0.06977113336324692 0.499435156583786 0.0822782889008522 0.4098508059978485
2 0.4720456600189209 0.5056777596473694 0.40096911787986755 0.4527427554130554
2 0.8147926330566406 0.5823720693588257 0.36744415760040283 0.5722920894622803
2 0.46945080161094666 0.48724719882011414 0.08934290707111359 0.27688923478126526
2 0.3727428913116455 0.388427734375 0.04294118285179138 0.07890476286411285
2 0.05151374265551567 0.3747904896736145 0.05346889793872833 0.17125087976455688
2 0.1767926812171936 0.44580233097076416 0.237340047955513 0.30537185072898865
2 0.47421398758888245 0.42217129468917847 0.07227630913257599 0.14718380570411682
