2 0.03427550569176674 0.44579219818115234 0.06841397285461426 0.20002342760562897
2 0.3283167779445648 0.44133809208869934 0.15661032497882843 0.35497263073921204
2 0.8238485455513 0.5055444240570068 0.3316703736782074 0.5049630999565125
2 0.5047008395195007 0.4957362115383148 0.21924380958080292 0.48848065733909607
2 0.1563100665807724 0.48764699697494507 0.2031439244747162 0.42020291090011597
2 0.6459518074989319 0.4250454902648926 0.10157208889722824 0.30646708607673645
2 0.6458120346069336 0.43172314763069153 0.10216540843248367 0.3222094178199768
2 0.15625523030757904 0.48797425627708435 0.20233704149723053 0.4193524718284607
2 0.9852553009986877 0.38238784670829773 0.02877136319875717 0.2269921749830246
2 0.03545662760734558 0.34113240242004395 0.032155901193618774 0.0821186825633049
2 0.5133053064346313 0.6557908058166504 0.054224979132413864 0.19098633527755737
2 0.035134028643369675 0.34655794501304626 0.03952813893556595 0.097412109375
