2 0.5482101440429688 0.5207111239433289 0.16490519046783447 0.6268695592880249
2 0.2709282338619232 0.07544159144163132 0.08011381328105927 0.15047331154346466
2 0.9679228663444519 0.4292280972003937 0.05330546572804451 0.24393156170845032
2 0.046971239149570465 0.43668821454048157 0.06453431397676468 0.17365269362926483
2 0.9190906882286072 0.43979355692863464 0.04908383637666702 0.18168269097805023
2 0.3855687379837036 0.6344058513641357 0.6193047165870667 0.4847427010536194
2 0.43122369050979614 0.5284781455993652 0.10394758731126785 0.3710077404975891
2 0.798578143119812 0.5165479779243469 0.3747116029262543 0.4860774278640747
2 0.8890754580497742 0.4431958496570587 0.04074515774846077 0.17904065549373627
2 0.8032371401786804 0.5364954471588135 0.3766441345214844 0.44192150235176086
2 0.8177661299705505 0.6646651029586792 0.3550969958305359 0.4812033176422119
2 0.2545122802257538 0.07375454902648926 0.045844666659832 0.14750909805297852
2 0.7558314204216003 0.4056231677532196 0.2880669832229614 0.2647973597049713
2 0.7542712688446045 0.3982747197151184 0.28436675667762756 0.2483164668083191
