0 0.5236173868179321 0.6930392384529114 0.6247095465660095 0.5017989277839661
0 0.9170598387718201 0.6347572803497314 0.16460475325584412 0.7147367000579834
0 0.21865220367908478 0.5581228137016296 0.08589190244674683 0.3941689431667328
0 0.2784869372844696 0.47697168588638306 0.06213340908288956 0.23959600925445557
0 0.13998758792877197 0.59571373462677 0.09832148253917694 0.47377896308898926
0 0.3448563814163208 0.46921253204345703 0.04741953685879707 0.19815154373645782
0 0.7022890448570251 0.4316214323043823 0.03394165262579918 0.13504521548748016
0 0.6668174266815186 0.447784423828125 0.043473053723573685 0.15232700109481812
0 0.6178556680679321 0.41895750164985657 0.03978006914258003 0.09225556999444962
0 0.5796001553535461 0.41399630904197693 0.036123402416706085 0.08268839865922928
0 0.5117452144622803 0.4004509449005127 0.031791992485523224 0.09890131652355194
0 0.12130578607320786 0.5475298762321472 0.07132188975811005 0.255227267742157
0 0.7395560145378113 0.4285525381565094 0.04643753170967102 0.1481475830078125
0 0.028076929971575737 0.5027329325675964 0.05614985153079033 0.3120374381542206
