0 0.795143187046051 0.3884408175945282 0.08235684782266617 0.4237133860588074
0 0.45184326171875 0.5930936336517334 0.5758048892021179 0.689098596572876
0 0.1259593963623047 0.34376969933509827 0.10055754333734512 0.3831101655960083
0 0.8820620179176331 0.4038393497467041 0.1047927588224411 0.5170198082923889
0 0.045061852782964706 0.44309255480766296 0.09012370556592941 0.6923507452011108
0 0.22728678584098816 0.28874802589416504 0.0965598076581955 0.2805895507335663
0 0.6976685523986816 0.3344620168209076 0.09657725691795349 0.27993857860565186
0 0.9472371339797974 0.44694435596466064 0.10487304627895355 0.6642900109291077
0 0.024050282314419746 0.4739082157611847 0.04794887825846672 0.602730393409729
0 0.511695921421051 0.33671361207962036 0.0552440844476223 0.06015617027878761
