0 0.2521677613258362 0.6089118719100952 0.09128336608409882 0.5203855633735657
0 0.4993261396884918 0.6207135319709778 0.2892393171787262 0.4372962713241577
0 0.8534712791442871 0.6712490320205688 0.10063476860523224 0.5363075733184814
0 0.646790087223053 0.6042342782020569 0.05922602489590645 0.31790482997894287
0 0.758242130279541 0.6365538835525513 0.06135243922472 0.30425021052360535
0 0.12534619867801666 0.6793234944343567 0.09570053219795227 0.4605443775653839
0 0.3564132750034332 0.647739052772522 0.07667984068393707 0.3069056272506714
0 0.9669435620307922 0.5076525211334229 0.06218454986810684 0.17013023793697357
0 0.6061909198760986 0.509279191493988 0.03269790858030319 0.11041991412639618
0 0.8175785541534424 0.5886090993881226 0.04246963560581207 0.31228893995285034
0 0.9159234762191772 0.6546996831893921 0.052798766642808914 0.38703328371047974
0 0.8236263990402222 0.631253182888031 0.05114934593439102 0.405813992023468
