1 0.7302131652832031 0.3165287673473358 0.1584819108247757 0.12598131597042084
1 0.3918883502483368 0.5357362627983093 0.22321660816669464 0.8423241972923279
1 0.9058327078819275 0.31028106808662415 0.06750256568193436 0.15221022069454193
1 0.25033512711524963 0.4760895073413849 0.17011794447898865 0.8131297826766968
1 0.5763582587242126 0.6055322289466858 0.4405147433280945 0.5527968406677246
1 0.03739306330680847 0.41048672795295715 0.0745045617222786 0.10983973741531372
1 0.3489125967025757 0.5150313973426819 0.3116689920425415 0.8469879031181335
1 0.7139371633529663 0.27841562032699585 0.05029279738664627 0.13421298563480377
1 0.037950679659843445 0.40887948870658875 0.0743609294295311 0.1121821254491806
1 0.17217709124088287 0.38899320363998413 0.028943775221705437 0.11075901985168457
